


Time: 0

q: [ 
        -3.7744917e-008, 0.0361667472, 0.155604296, -0.67986773, -0.52426354, 0.0361667582, 6.20740952e-009, -0.0565271089, -0.567735357, 
        0.335194938, -0.2325404, -0.0565271144, 0, 0, 0, -0.523598776, 0, 0, 
        0.523598776, 0 ]


Time: 1.48801761

q: [ 
        -0.192660186, 0.261169384, 0.491534014, -1.45728135, -0.965747456, 0.261169409, -3.18412527e-008, 0.233962073, -0.445698707, 
        0.492604819, 0.0469061588, 0.233962065, 0, 0, 0, -0.523598776, 0, 0, 
        0.523598776, 0 ]


Time: 2

q: [ 
        -0.25975638, -0.0955523858, 0.714136321, -0.712824932, 0.00131127022, -0.0955523678, 6.44733168e-009, -0.0814893505, -0.432632761, 
        0.939680644, 0.507047907, -0.0814893566, 0, 0, 0, -0.523598776, 0, 0, 
        0.523598776, 0 ]


Time: 3.47135095

q: [ 
        -0.259756351, -0.0891860207, 0.421587511, -0.757635642, -0.336048283, -0.0891859992, -0.156369525, -0.0530658208, -1.01456374, 
        1.1448666, 0.130302925, -0.0530658416, 0, 0, 0, -0.523598776, 0, 0, 
        0.523598776, 0 ]


Time: 4.00833333

q: [ 
        -0.259756367, -0.122004652, 0.458523265, -1.08148357, -0.622960434, -0.122004633, -0.156381454, -0.070498502, -0.692636731, 
        0.269408601, -0.423228038, -0.0704985233, 0, 0, 0, -0.523598776, 0, 0, 
        0.523598776, 0 ]


Time: 5.47968428

q: [ 
        -0.150410565, 0.128914435, 0.817119324, -1.43372203, -0.616602864, 0.128914461, -0.156381478, 0.133390565, -0.723802323, 
        0.959578723, 0.2357765, 0.133390543, 0, 0, 0, -0.523598776, 0, 0, 
        0.523598776, 0 ]


Time: 5.9983137

q: [ 
        -0.0719613582, 0.020201763, 0.512896065, -1.22324199, -0.710346118, 0.0202017957, -0.15638146, -0.0457439213, -0.953370212, 
        0.796101463, -0.157268643, -0.0457439456, 0, 0, 0, -0.523598776, 0, 0, 
        0.523598776, 0 ]


Time: 7.5160643

q: [ 
        -0.0719612909, -0.275522507, 0.524798287, -0.962790591, -0.437992511, -0.275522474, 4.16679427e-008, -0.341542812, -0.952026152, 
        1.37661417, 0.424588144, -0.341542842, 0, 0, 0, -0.523598776, 0, 0, 
        0.523598776, 0 ]


Time: 8.00945384

q: [ 
        -0.0719613389, -0.0565057514, 0.74439034, -0.893191808, -0.148801666, -0.0565057188, 3.95430048e-008, -0.125554992, -0.391624848, 
        0.97559267, 0.583967974, -0.125555026, 0, 0, 0, -0.523598776, 0, 0, 
        0.523598776, 0 ]